Largeur 50
Hauteur 50
Lapin 100 26 5 100 36 2 48 21
Lapin 101 26 38 101 22 28 40 39
Lapin 102 43 6 102 2 30 45 32
Lapin 103 48 25 103 39 47 18 27
Lapin 104 33 7 104 39 25 9 3
Lapin 105 10 13 105 17 37 23 33
Loup 100 6 4 100 36 36 4 48
Loup 101 43 13 101 42 29 5 35
Loup 102 41 38 102 8 42 28 32
Loup 103 6 22 103 42 11 48 20
Loup 104 11 8 104 23 22 41 13
Loup 105 23 9 105 46 34 36 29
Soin 43 9 38
Soin 26 30 38
Soin 11 48 22
Soin 13 31 17
Soin 46 43 23
Soin 30 8 15
Mana 7 24 33
Mana 33 41 38
Joueur Paysan Ishida 76 7 41 32 36 56 20854 32 23 16
