Largeur 50
Hauteur 50
Guerrier Warrior1 100 29 26 46 42 22 274747 43 47 43
Guerrier Warrior2 101 17 25 27 8 15 31277 30 36 26
Guerrier Warrior3 102 8 3 20 49 19 11314 19 38 23
Guerrier Warrior4 103 23 14 29 22 26 381736 44 41 2
Guerrier Warrior5 104 8 14 45 3 9 293920 16 15 19
Guerrier Warrior6 105 5 9 23 4 7 2391 21 14 11
Guerrier Warrior7 106 4 43 33 19 40 454147 34 44 48
Guerrier Warrior8 107 44 24 35 1 1 221334 15 27 9
Guerrier Warrior9 108 11 17 23 43 26 44143 38 44 20
Mage Wizard1 100 34 19 0 16 27 402115 16 23 6
Mage Wizard2 101 34 4 26 47 22 222624 12 23 6
Mage Wizard3 102 46 12 32 5 8 221635 21 23 6
Mage Wizard4 103 9 16 38 10 12 0441 18 23 6
Mage Wizard5 104 28 15 24 35 38 5938 29 23 6
Mage Wizard6 105 6 19 44 46 26 473448 18 23 6
Mage Wizard7 106 4 11 34 13 20 194941 34 23 6
Mage Wizard8 107 21 48 25 48 21 133615 1 23 6
Mage Wizard9 108 41 10 45 18 35 47834 6 23 6
Paysan Peasant1 100 47 31 42 26 3 192215 48 46 40
Paysan Peasant2 101 44 28 21 9 20 253530 18 46 40
Paysan Peasant3 102 15 41 21 26 38 282849 11 46 40
Paysan Peasant4 103 47 22 13 33 45 372829 4 46 40
Paysan Peasant5 104 10 32 16 30 27 481934 44 46 40
Paysan Peasant6 105 18 40 46 26 27 32338 22 46 40
Paysan Peasant7 106 12 28 43 22 26 64022 19 46 40
Paysan Peasant8 107 26 19 41 36 15 143441 35 46 40
Paysan Peasant9 108 18 25 46 23 24 15638 46 46 40
Archer Warrior1 100 18 8 19 46 7 113911 16 25 30 3
Archer Warrior2 101 47 46 22 36 6 392127 46 25 30 17
Archer Warrior3 102 22 41 41 46 29 9739 38 25 30 30
Archer Warrior4 103 41 6 27 17 27 261520 25 25 30 2
Archer Warrior5 104 23 48 10 35 4 13422 5 25 30 9
Archer Warrior6 105 45 33 3 47 27 253612 29 25 30 42
Archer Warrior7 106 24 41 47 8 27 471432 0 25 30 14
Archer Warrior8 107 31 15 25 37 46 242211 15 25 30 20
Archer Warrior9 108 15 18 25 20 32 8239 13 25 30 25
Lapin 100 3 11 100 16 41 37 7
Lapin 101 23 8 101 29 25 30 44
Lapin 102 5 3 102 23 24 27 3
Lapin 103 40 12 103 14 19 21 39
Lapin 104 17 37 104 5 18 13 26
Lapin 105 37 22 105 48 48 28 10
Lapin 106 15 47 106 42 5 22 18
Lapin 107 31 19 107 2 36 35 10
Lapin 108 13 15 108 45 47 10 28
Lapin 109 9 0 109 43 43 23 1
Lapin 110 25 20 110 24 38 14 37
Lapin 111 43 29 111 29 13 20 20
Lapin 112 14 35 112 26 19 32 13
Lapin 113 30 1 113 37 12 38 49
Lapin 114 18 21 114 23 41 12 13
Lapin 115 27 48 115 2 17 2 0
Lapin 116 14 39 116 29 15 10 43
Loup 100 8 47 100 18 48 48 6
Loup 101 36 25 101 23 33 36 32
Loup 102 33 7 102 2 19 41 35
Loup 103 32 11 103 29 42 32 2
Loup 104 45 29 104 1 16 18 31
Loup 105 45 27 105 4 41 25 8
Loup 106 32 2 106 10 17 13 6
Loup 107 5 5 107 8 9 38 40
Loup 108 29 20 108 23 1 15 0
Loup 109 10 18 109 48 49 12 11
Loup 110 28 23 110 32 4 9 7
Loup 111 37 42 111 14 11 29 9
Loup 112 20 19 112 21 42 15 16
Loup 113 10 18 113 24 2 0 18
Loup 114 10 32 114 0 11 29 17
Loup 115 48 16 115 0 4 32 21
Loup 116 35 2 116 12 15 34 35
NuageToxique 41 34 35
NuageToxique 22 22 2
NuageToxique 3 3 38
NuageToxique 29 3 27
NuageToxique 7 16 13
NuageToxique 29 38 38
NuageToxique 19 9 20
NuageToxique 37 4 43
NuageToxique 12 38 46
NuageToxique 2 30 31
NuageToxique 20 4 38
NuageToxique 43 20 38
NuageToxique 27 28 34
NuageToxique 10 43 1
NuageToxique 40 28 35
NuageToxique 44 35 44
NuageToxique 27 18 10
Soin 9 5 15
Soin 14 45 34
Soin 6 22 21
Soin 35 30 43
Soin 47 1 49
Soin 20 48 44
Soin 7 14 26
Soin 0 11 14
Soin 34 39 32
Mana 44 26 30
Joueur Guerrier Ishida 25 1 43 66 29 8 43 13 4 36 17 42
