Largeur 50
Hauteur 50
Lapin 100 17 20 100 32 38 44 15
Lapin 101 36 40 101 18 35 18 10
Lapin 102 23 49 102 41 5 28 34
Lapin 103 47 42 103 36 4 29 44
Lapin 104 18 49 104 23 15 47 42
Lapin 105 47 42 105 40 33 11 14
Lapin 106 40 42 106 0 5 22 25
Lapin 107 21 44 107 11 22 38 43
Lapin 108 14 35 108 26 26 49 31
Lapin 109 47 30 109 13 33 29 29
Lapin 110 33 6 110 21 20 29 35
Lapin 111 33 35 111 8 27 12 33
Lapin 112 15 33 112 36 2 2 23
Lapin 113 7 34 113 28 6 4 42
Lapin 114 5 15 114 7 13 4 24
Loup 100 21 40 100 0 8 34 18
Loup 101 33 34 101 40 25 31 31
Loup 102 26 35 102 34 30 30 24
Loup 103 45 38 103 30 3 24 31
Loup 104 6 29 104 9 29 15 32
Loup 105 49 30 105 6 34 43 14
Loup 106 25 9 106 14 2 38 32
Loup 107 28 0 107 34 45 2 49
Loup 108 47 22 108 17 15 39 16
Loup 109 12 15 109 22 30 10 19
Loup 110 11 15 110 26 24 48 17
Loup 111 35 11 111 35 17 33 44
Loup 112 40 12 112 28 34 33 40
Loup 113 6 18 113 2 18 31 15
Loup 114 16 24 114 6 35 38 37
