Largeur 50
Hauteur 50
Lapin 100 41 24 100 46 15 41 15
Lapin 101 44 10 101 5 22 11 1
Lapin 102 9 23 102 11 2 34 1
Lapin 103 12 33 103 39 23 12 16
Lapin 104 34 8 104 2 17 10 5
Lapin 105 46 16 105 11 26 39 35
Lapin 106 28 49 106 17 22 11 14
Lapin 107 26 40 107 19 30 38 5
Lapin 108 17 28 108 45 16 13 26
Lapin 109 31 49 109 0 33 20 28
Loup 100 39 6 100 31 34 37 47
Loup 101 5 23 101 12 15 38 46
Loup 102 10 19 102 31 4 0 42
Loup 103 28 24 103 0 33 10 1
Loup 104 46 17 104 31 1 33 17
Loup 105 46 6 105 0 38 5 6
Loup 106 13 20 106 38 0 14 12
Loup 107 45 33 107 17 49 22 12
Loup 108 28 21 108 17 12 2 34
Loup 109 9 15 109 2 18 49 35
